5354
19511
5134
1546
12868
3499
7523
9131
3406
13724
19419
38074
37020
11907
9955
11603
14039
8849
7516
36863
14327
43659
65499
29933
8613
6038
15196
70872
43204
11584
22015
5655
15387
15020
6994
5636
7236
30999
9697
21380
11744
6086
6169
5103
28744
22796
14095
18157
12746
11175
13470
22705
20950
7555
15120
25684
14484
11619
12083
3953
37110
4257
15232
11940
4296
28634
13221
35795
35239
5313
20138
7957
7067
28306
4829
16396
14859
6235
8612
10533
8643
14007
6779
21080
6039
33941
7768
5360
22075
10000
7104
1572
20528
20337
18098
8863
6978
20387
13270
16227
37388
8385
12964
22192
7848
6822
17065
8856
28541
18851
26797
11113
14826
37498
5972
13020
11654
6465
14485
7756
25897
7278
7827
15995
9183
8616
6808
5616
9354
6536
32676
14098
10777
3984
10234
35353
22438
13439
9198
24479
12725
11239
16006
4283
5672
7005
16820
12436
8126
14523
8561
15048
10545
24011
8141
4245
13491
33752
7809
7006
5977
6970
4896
32397
5909
57872
16799
29776
19528
23011
51855
23600
13938
14046
26184
12061
18307
8122
29365
14545
24135
16701
5399
16106
8671
8873
10031
48606
34987
15568
5178
20853
15878
7828
10608
22522
18786
2893
32886
18457
19815
10307
25791
31758
25786
2073
16949
4856
8832
8034
12746
7795
8852
29472
5678
4251
5923
3156
2343
9852
6535
39425
11882
