57477
81138
12450
17073
22956
112478
40109
75498
33873
32873
37965
83515
120559
25359
35601
33470
5312
136247
8517
145387
50564
39413
20989
96338
20342
16127
15200
7496
35337
114006
48107
32292
24816
8244
39922
23902
183905
75830
115397
8113
17979
60960
16368
153845
40407
103011
58046
13390
106214
67999
53549
29443
21318
38257
29891
16537
76325
73656
47117
48048
105198
33248
63781
11031
55548
72812
18076
6534
7633
29098
10319
12371
8943
38439
52857
126540
40413
17866
20417
36331
54009
11086
26337
8448
77019
50945
58182
29641
38554
63269
150294
17449
60721
28270
22525
22015
32455
19894
31397
15307
71929
52425
37345
31229
19250
27148
34178
26100
8748
38680
143831
34741
59483
12515
22313
80717
105502
94942
1633
2752
109509
26379
5452
39684
17401
27662
21768
30842
37957
101295
28318
46597
10378
8428
99499
32005
20956
9024
115954
15999
19875
37349
30699
54323
76900
27553
140668
7105
23438
54511
98217
16303
45695
42052
28854
29836
51834
141802
60211
63890
102078
20059
37266
4629
110313
248038
27047
23065
39780
26943
69527
43142
77181
30578
129228
45782
26462
23316
91059
21451
61406
19174
20817
48229
103091
38273
94402
61157
76818
55999
24881
175787
15953
18203
125493
74998
17054
52562
154459
22384
16861
81807
15199
10870
50816
21690
45841
196922
11399
181821
120274
9225
19343
46339
41566
18518
10962
57849
93513
77639
25483
23153
