27168
9981
16786
11046
18885
11260
26190
7577
11322
11605
67617
37565
23545
15462
18150
11078
14616
11253
31439
18372
13542
13044
7530
12206
11426
22326
6038
10640
4622
4291
6407
14004
8855
13196
4148
16206
5235
2623
32417
14143
10746
18571
36042
18974
5370
37100
3734
6128
26621
19035
11138
3833
25785
21572
4064
15153
20351
11226
17065
4825
5156
17512
12731
7151
6742
7256
83905
13275
3401
5319
3216
30588
8858
15935
52294
33436
6724
1540
8385
30794
9685
12162
22722
5619
18056
3545
10053
16631
9234
3548
5854
9679
6798
6215
9730
3719
16683
5681
1595
20055
23584
13311
23614
12177
15913
15681
28490
8277
2090
24653
6976
19257
4526
20758
19807
15698
22937
8857
18675
6098
30060
7515
8084
5974
2378
22782
6926
8294
7869
8421
25259
24862
9302
3713
7235
7483
5124
4617
9451
14785
20693
11932
23336
3216
5687
11056
4155
8671
7620
5983
18332
26659
11937
5445
6017
9463
18434
13251
24708
8970
30579
11258
10791
8584
3672
28960
10899
5553
6752
15696
29925
4514
12799
17573
11588
11499
10086
15011
26369
12979
20814
34841
2112
2654
7460
38324
4547
13583
2347
2979
38351
24926
7185
32498
4499
8325
13913
15213
2179
39472
9700
20525
2749
17412
46893
