12532
46777
72637
35832
22047
52609
21931
31152
5160
26173
49216
6673
49800
5649
18959
14719
27473
63561
89811
33044
2936
20168
40358
11098
13965
23121
18422
107713
30524
80776
52125
28979
13856
28402
4619
28265
6220
10228
57502
98866
11227
6121
16828
14364
6728
46529
11329
9681
4922
58169
23235
12615
1597
73045
13833
17391
12224
70258
120862
41385
16301
13541
10834
139554
11706
15662
4617
9059
5677
17328
79590
43374
15866
56432
43198
17955
47083
29832
24446
70573
56109
15383
5965
26029
35301
17895
59515
21951
15200
93516
61690
15972
37483
10764
17650
23195
23907
5097
81478
14036
2930
27249
40874
33392
12074
55906
18988
77021
90453
6171
98580
14958
22527
42030
9675
7312
5636
40811
13782
23456
56463
13635
180059
19898
8675
24642
33506
10376
45230
42945
54921
62252
31603
25409
24103
32390
18963
96508
38878
13151
21879
20917
25145
34616
41536
85118
4506
74887
21330
29007
14623
8273
14555
24892
15668
14369
33884
11042
16551
9234
18062
17725
13567
21946
7560
19709
33086
17582
47651
22275
14528
11936
21044
36157
20692
8171
8381
7844
41883
64033
52097
31658
36109
19723
89257
6024
12420
39840
21407
60776
6137
32279
11854
7868
10215
66352
22261
105178
22728
63853
32643
56873
5106
12456
80712
6147
18362
109187
