71028
85723
156326
338981
100783
222067
60431
119553
71690
77102
141175
154517
186687
51807
7334
68447
106949
485620
1048717
136580
863167
176340
34474
682683
522469
4857
56957
562955
135052
441918
243335
223964
78977
30435
50762
195138
253948
53944
193887
61837
150480
169011
163208
562381
53103
154768
12318
204422
114250
49263
112745
297451
191628
14443
148134
224361
359298
11561
63125
68520
102971
105812
58391
67923
128226
66847
439501
251328
384558
166938
33418
234949
171168
52193
6527
115820
52831
154466
96218
146550
241701
117644
129562
304863
414957
19050
67577
145261
25091
16633
68321
14635
