4529
1317
2847
13731
9990
9466
9036
9681
22468
7568
5690
2946
2654
5694
9094
2650
2318
16209
3407
1502
2969
6116
11338
11701
12104
10363
23849
8645
9241
5656
8058
9789
8104
22602
4771
20029
3761
35504
17346
7787
3252
2147
11854
3481
8933
10539
2684
14013
4021
4796
11576
1513
14050
9472
11651
7261
6887
5917
3961
11676
4993
7919
5614
5132
4939
8329
5698
6411
7494
16043
9685
7270
4473
1803
8653
13752
2063
2955
6320
8661
10034
10409
15351
8622
14621
8146
7023
3419
13909
4767
4226
3433
8018
14073
15320
5141
11477
3986
6112
2391
1813
3484
35936
10235
17186
10867
5075
4557
17558
14536
4293
4317
6975
11142
8647
3197
5530
7995
7257
10053
12391
9533
3528
16335
5974
6265
17260
9212
2906
3457
5361
2098
10476
4842
2632
11680
4304
4066
8876
9307
12974
24104
4034
13979
9890
9758
5094
5268
17917
4830
7367
6467
7542
14178
4051
9704
2066
6702
8080
12429
6708
3977
5222
2900
10855
14201
2733
7498
4069
16458
18884
5970
1608
10206
6754
2622
7791
8892
10957
8395
3838
3460
1650
12426
8952
11291
13160
5033
8837
7497
7960
6785
3151
3950
5975
6219
1750
8703
5974
14646
2616
9223
5564
15961
5712
21711
5197
9152
4875
10226
3520
10143
2039
2968
20405
7015
6109
17064
5168
27384
1485
2022
6454
15101
7367
7974
8848
11650
8581
3195
18186
13819
10973
5975
5865
29019
13063
10980
3876
5605
9706
2877
19656
5400
10703
14831
8325
3039
1491
2433
7986
