3140
26312
17868
42083
7045
7787
16064
13500
26252
5333
9402
13260
13801
4848
4330
53910
4763
5428
8039
5087
14342
11611
16560
7465
9063
9985
13425
15283
9425
7266
4912
3769
10088
6758
3212
15139
63287
16472
31344
17521
22163
27644
8881
22538
6207
5403
15865
17580
33805
17828
22857
6164
7323
17961
41078
13520
24942
6466
4761
5137
3743
15984
19752
18492
20597
19211
8973
19168
18928
11759
12938
5836
24897
15365
3735
2414
9955
1798
11405
8526
32805
5008
11820
7000
12401
15694
38720
13464
18577
14801
27005
4592
1763
15483
10882
6679
6123
2890
8092
2200
14642
17247
9475
148547
26236
21499
4591
18247
21306
49080
30499
17512
10824
6964
8052
11063
2973
16087
10805
11161
4893
7911
2844
9724
8136
13716
27228
19506
11906
8100
16659
13225
11923
4793
18716
37193
15603
27331
6814
7544
36116
16866
17330
27934
29240
31619
21955
2594
11019
28983
6472
2892
3515
23652
13500
8126
11933
4751
17668
6865
4557
4834
11372
15854
8342
7762
29536
9502
26930
3722
3844
17039
11672
10800
4009
14374
14529
8175
5148
21174
6667
36182
12108
25213
3514
48654
38108
24200
5415
15459
10272
4246
9958
15157
51540
29455
7882
32688
23831
5385
3736
18894
39997
6937
12635
5963
19904
9228
20312
37325
6555
5965
49089
35437
15885
6651
17422
3420
27107
13940
5889
6738
18519
4274
2539
14646
6016
19497
4286
4824
7487
25330
19103
26813
15585
25678
10038
12943
13998
14028
18238
9420
26611
8449
6431
8720
44354
10197
6379
30136
7180
7426
9543
11857
9082
20206
23507
4786
9800
1510
7382
14874
29007
8364
15796
15397
37976
40359
4516
26142
5143
4919
19670
8809
17853
16332
53637
11552
19514
7039
14659
14949
4025
21265
33278
7822
13278
35263
5702
20679
11578
33592
14620
3255
27059
9450
7795
18388
6964
13264
34346
7281
11933
6974
48078
34679
4787
3608
7863
4300
9463
4763
26775
22795
4313
35998
8346
11851
25889
9237
8147
33016
8132
23049
10952
19866
42609
4459
14875
11084
14645
10779
23004
8439
16487
14275
8055
30581
11199
27449
10854
51292
10318
12372
6078
3445
3646
23855
14363
5645
12706
12422
32097
2091
6206
6964
5914
24580
3982
11127
8379
4388
3454
6412
26055
16003
14374
7266
11101
11288
12439
24474
7697
6203
8929
5668
7021
17317
3206
2331
7975
64657
26177
17372
13286
13549
3927
25879
12564
9756
6250
4288
9429
12053
5878
6547
16369
5696
6977
10940
15918
5668
8858
8855
7031
16804
9442
25007
12056
22151
3162
6476
