2061
11033
3439
1841
3462
18971
5570
9143
3161
15255
1533
5699
4262
11257
6692
7298
5649
8636
9174
3118
5160
9638
7236
6100
9436
11299
8899
17334
6684
25204
3105
2640
3994
5905
6686
4037
14447
4020
9916
8813
2004
1850
1540
6526
7576
12992
2548
5107
8988
5586
7854
5701
5925
6007
2902
6542
2659
9692
2944
23003
7510
8912
8809
5117
12973
2323
10575
2017
8956
6197
7776
10881
4596
7050
11023
12251
3462
9755
3381
3503
11528
5956
4049
4996
11083
4012
2122
3454
1567
1880
9939
12383
9884
3492
12922
8583
11916
2987
1493
10752
4299
1612
4841
4247
3921
3790
6430
4827
4583
9379
9751
1579
2597
3941
4295
2631
9371
10957
5590
6972
8379
5014
2091
1876
8322
30306
3467
3639
13346
3579
9751
9184
7743
8597
10045
8666
1822
5104
2932
3338
2355
16693
2726
5971
6688
11474
13710
8377
2098
24449
6214
11370
14732
11637
4807
7029
1719
4533
15723
6628
5647
2136
9830
9410
12149
1736
5755
5676
6469
7816
10492
12344
8057
3715
4294
15752
17086
6129
7590
10332
2825
2516
7516
5096
4427
7321
7233
12340
9242
6497
8544
17117
1541
4901
4575
3993
2088
4309
6878
7421
7087
4243
15761
6504
4873
9207
4777
8215
1298
2686
8300
3444
1789
11365
2378
5161
4562
8299
3777
5884
5865
4813
4556
3991
4800
3739
15991
5591
5556
2626
1305
5028
8414
6991
2584
7674
11802
10303
13462
3120
5648
6452
6693
2924
12280
5317
8625
11037
3108
2081
3953
5180
7059
14603
6182
11940
6964
7047
5122
6088
3784
7003
4299
5861
2196
4034
8965
6253
4342
5099
2893
2376
4025
3897
11297
17826
14744
4014
2638
11351
1034
7002
5102
9154
5065
4507
13264
5546
9136
4879
2324
4563
3231
4248
12686
3368
7566
8576
5948
2921
11018
6483
14661
3550
10668
6454
15263
8643
3953
16664
1789
8293
7517
3819
3869
11516
6996
5639
11342
5943
11401
8165
2601
7033
4367
19314
4728
6138
2935
6040
5893
15272
7215
10012
4006
3745
7532
8108
10793
10690
16208
6973
2056
18667
5346
4744
1294
19343
2906
2721
1981
10009
8386
5066
8859
12215
16098
1426
5893
3883
5378
3452
2416
1249
2385
3407
13187
2034
2327
9437
4543
3757
10705
7234
4367
6120
2820
5590
6466
5358
2254
3257
9757
2896
9790
4044
15816
3154
6918
17051
3721
5692
4092
2359
3163
2664
9153
8882
2581
4066
2353
11340
5409
7791
3996
11820
9304
2928
4528
4242
5820
12464
3713
18061
6443
18459
12268
4837
2077
3701
10089
14392
2606
10069
3946
4699
6073
3970
9764
2969
8342
1299
4877
1804
2930
6786
8854
4604
3397
8549
14827
5898
4056
6891
19930
8144
6173
5886
5174
7049
9883
8110
6454
4794
3734
5157
10298
4797
2608
4561
2688
6771
5524
12030
16919
4399
3130
11956
10841
4526
8312
2394
9765
8629
5336
2264
13227
3279
16134
6647
2862
3299
6176
4184
2863
4321
3160
5944
10506
7767
25538
6956
3360
6225
14377
5623
2571
13239
1565
10602
8050
7334
5655
3787
1252
10226
2668
2038
5354
8526
3497
14056
3943
4809
21683
6838
15149
10820
16441
908
7344
4814
5686
3287
2032
15619
9924
13792
9653
3120
8022
4024
3972
7035
1283
6906
5470
5618
3816
9521
6135
2106
21055
4866
10206
4353
2568
10920
4967
2295
1209
8683
9305
6953
14658
3693
2119
4852
10293
3686
2717
5112
5830
12656
21382
4001
3411
17115
7306
15973
7228
5915
4554
12319
6184
2915
15163
5916
6213
6262
4251
2145
10059
4427
4558
7504
2339
4797
1860
11857
12121
7828
2150
2176
3738
9121
3964
11397
3521
1476
8317
12235
4635
14950
2102
14856
